apple@Apples-MacBook-Air v1 % python3 search-for-ships.py
Enter number of shots allowed at once:   5
Enter total number of ammunitions:       50
Region provided is: 
[0, 0, 0, 0, 0, 0, 0, 0, 0, 0]
[0, 0, 0, 0, 0, 0, 0, 0, 0, 0]
[0, 0, 1, 0, 0, 0, 0, 0, 0, 0]
[0, 0, 1, 0, 0, 0, 0, 1, 1, 1]
[0, 0, 1, 0, 0, 0, 0, 0, 0, 0]
[0, 0, 1, 0, 0, 0, 0, 0, 0, 0]
[0, 0, 0, 0, 0, 0, 1, 1, 0, 0]
[0, 0, 0, 0, 1, 1, 1, 1, 1, 0]
[0, 0, 0, 0, 0, 0, 0, 0, 0, 0]
[0, 1, 1, 1, 0, 0, 0, 0, 0, 0]
Boat positions identified :  13
Other important details to the algo::
Amunition provided: 50 vs Amunition used: 50
Visited matrix looks like: 
[0, 0, 1, 1, 0, 0, 1, 0, 0, 0]
[0, 0, 1, 1, 0, 0, 0, 0, 0, 0]
[0, 0, 2, 0, 0, 0, 0, 1, 1, 1]
[0, 0, 0, 1, 0, 0, 1, 2, 2, 2]
[1, 0, 0, 0, 1, 1, 1, 1, 1, 1]
[0, 0, 0, 1, 0, 1, 1, 1, 0, 0]
[0, 0, 0, 0, 1, 1, 2, 2, 1, 0]
[0, 0, 0, 1, 2, 2, 2, 2, 2, 1]
[0, 0, 0, 1, 1, 1, 1, 1, 1, 0]
[0, 0, 0, 0, 0, 0, 0, 1, 1, 0]

[[-10, 3, 2], [-5, 2, 1], [-5, 2, 3]]
----------------------------------------------------------------

apple@Apples-MacBook-Air v1 % python3 search-for-ships.py
Enter number of shots allowed at once:   5
Enter total number of ammunitions:       50
Region provided is: 
[0, 0, 0, 0, 0, 0, 0, 0, 0, 0]
[0, 0, 0, 0, 0, 0, 0, 0, 0, 0]
[0, 0, 1, 0, 0, 0, 0, 0, 0, 0]
[0, 0, 1, 0, 0, 0, 0, 1, 1, 1]
[0, 0, 1, 0, 0, 0, 0, 0, 0, 0]
[0, 0, 1, 0, 0, 0, 0, 0, 0, 0]
[0, 0, 0, 0, 0, 0, 1, 1, 0, 0]
[0, 0, 0, 0, 1, 1, 1, 1, 1, 0]
[0, 0, 0, 0, 0, 0, 0, 0, 0, 0]
[0, 1, 1, 1, 0, 0, 0, 0, 0, 0]
Boat positions identified :  14
Other important details to the algo::
Amunition provided: 50 vs Amunition used: 50
Visited matrix looks like: 
[0, 0, 1, 1, 0, 0, 0, 0, 0, 0]
[1, 0, 0, 0, 0, 1, 0, 0, 1, 0]
[0, 0, 0, 0, 0, 0, 0, 0, 1, 1]
[0, 0, 0, 0, 1, 0, 0, 2, 2, 2]
[0, 0, 0, 0, 1, 0, 0, 0, 1, 1]
[0, 0, 0, 0, 1, 1, 1, 1, 0, 1]
[0, 0, 1, 1, 1, 1, 2, 2, 1, 0]
[0, 1, 0, 1, 2, 2, 2, 2, 2, 1]
[0, 1, 1, 0, 1, 1, 1, 1, 1, 0]
[1, 2, 2, 2, 1, 0, 0, 0, 1, 0]

[[-20, 3, 6], [-5, 2, 7], [-5, 4, 7], [0, 8, 3]]
----------------------------------------------------------------

apple@Apples-MacBook-Air v1 % python3 search-for-ships.py
Enter number of shots allowed at once:   5
Enter total number of ammunitions:       150
Region provided is: 
[0, 0, 0, 0, 0, 0, 0, 0, 0, 0]
[0, 0, 0, 0, 0, 0, 0, 0, 0, 0]
[0, 0, 1, 0, 0, 0, 0, 0, 0, 0]
[0, 0, 1, 0, 0, 0, 0, 1, 1, 1]
[0, 0, 1, 0, 0, 0, 0, 0, 0, 0]
[0, 0, 1, 0, 0, 0, 0, 0, 0, 0]
[0, 0, 0, 0, 0, 0, 1, 1, 0, 0]
[0, 0, 0, 0, 1, 1, 1, 1, 1, 0]
[0, 0, 0, 0, 0, 0, 0, 0, 0, 0]
[0, 1, 1, 1, 0, 0, 0, 0, 0, 0]
Boat positions identified :  16
Other important details to the algo::
Amunition provided: 150 vs Amunition used: 70
Visited matrix looks like: 
[1, 1, 0, 1, 0, 1, 1, 1, 0, 0]
[0, 1, 0, 0, 0, 1, 1, 1, 1, 0]
[0, 1, 0, 1, 1, 0, 0, 1, 1, 1]
[1, 1, 0, 1, 0, 1, 1, 2, 2, 2]
[0, 1, 2, 1, 1, 1, 0, 1, 1, 1]
[0, 1, 2, 1, 0, 1, 1, 1, 0, 1]
[0, 0, 1, 0, 1, 1, 2, 2, 1, 0]
[0, 1, 0, 1, 2, 2, 2, 2, 2, 1]
[0, 0, 0, 0, 1, 1, 1, 1, 1, 1]
[1, 0, 0, 0, 1, 1, 0, 1, 0, 1]

[[-20, 3, 2]]
----------------------------------------------------------------

apple@Apples-MacBook-Air v1 % python3 search-for-ships.py
Enter number of shots allowed at once:   3
Enter total number of ammunitions:       30
Region provided is: 
[0, 0, 0, 0, 0, 0, 0, 0, 0, 0]
[0, 0, 0, 0, 0, 0, 0, 0, 0, 0]
[0, 0, 1, 0, 0, 0, 0, 0, 0, 0]
[0, 0, 1, 0, 0, 0, 0, 1, 1, 1]
[0, 0, 1, 0, 0, 0, 0, 0, 0, 0]
[0, 0, 1, 0, 0, 0, 0, 0, 0, 0]
[0, 0, 0, 0, 0, 0, 1, 1, 0, 0]
[0, 0, 0, 0, 1, 1, 1, 1, 1, 0]
[0, 0, 0, 0, 0, 0, 0, 0, 0, 0]
[0, 1, 1, 1, 0, 0, 0, 0, 0, 0]
Boat positions identified :  6
Other important details to the algo::
Amunition provided: 30 vs Amunition used: 30
Visited matrix looks like: 
[1, 0, 1, 0, 1, 0, 0, 0, 1, 0]
[0, 0, 1, 0, 0, 0, 0, 0, 0, 0]
[0, 1, 2, 1, 0, 0, 1, 1, 1, 1]
[1, 1, 2, 1, 0, 0, 1, 2, 2, 2]
[0, 0, 2, 0, 1, 0, 0, 1, 1, 1]
[0, 0, 0, 0, 0, 0, 0, 0, 0, 0]
[0, 0, 0, 0, 0, 0, 0, 0, 0, 1]
[0, 0, 0, 0, 0, 0, 0, 0, 0, 1]
[0, 0, 0, 0, 0, 1, 1, 0, 0, 0]
[1, 0, 0, 0, 0, 0, 0, 0, 0, 0]

[[-20, 5, 2], [-5, 4, 1], [-5, 4, 3]]
----------------------------------------------------------------

apple@Apples-MacBook-Air v1 % python3 search-for-ships.py
Enter number of shots allowed at once:   5
Enter total number of ammunitions:       30
Region provided is: 
[0, 0, 0, 0, 0, 0, 0, 0, 0, 0]
[0, 0, 0, 0, 0, 0, 0, 0, 0, 0]
[0, 0, 1, 0, 0, 0, 0, 0, 0, 0]
[0, 0, 1, 0, 0, 0, 0, 1, 1, 1]
[0, 0, 1, 0, 0, 0, 0, 0, 0, 0]
[0, 0, 1, 0, 0, 0, 0, 0, 0, 0]
[0, 0, 0, 0, 0, 0, 1, 1, 0, 0]
[0, 0, 0, 0, 1, 1, 1, 1, 1, 0]
[0, 0, 0, 0, 0, 0, 0, 0, 0, 0]
[0, 1, 1, 1, 0, 0, 0, 0, 0, 0]
Boat positions identified :  11
Other important details to the algo::
Amunition provided: 30 vs Amunition used: 30
Visited matrix looks like: 
[0, 0, 0, 0, 0, 0, 0, 0, 0, 0]
[0, 0, 1, 0, 0, 0, 0, 0, 0, 0]
[0, 0, 0, 0, 0, 0, 1, 0, 0, 0]
[0, 1, 0, 0, 0, 0, 0, 0, 0, 0]
[0, 0, 0, 0, 1, 0, 0, 0, 1, 0]
[1, 0, 0, 0, 0, 0, 1, 1, 0, 0]
[0, 0, 0, 0, 1, 1, 2, 2, 1, 0]
[1, 0, 0, 0, 2, 2, 2, 2, 2, 1]
[0, 1, 0, 0, 0, 0, 0, 1, 1, 0]
[1, 2, 2, 2, 0, 0, 0, 0, 0, 0]

[[-20, 7, 3], [-20, 9, 4], [-10, 8, 4], [-5, 6, 5], [0, 8, 3], [-5, 8, 6], [-5, 8, 5], [0, 8, 2]]
----------------------------------------------------------------